1000 2 1
0.6 0.3
0.0000090000
0.6 0.3
0.0000099000
0.0 0.1
0.0000090000
0.6 0.7
0.0000090000
0.8 0.7
0.0000090000
0.2 0.1
0.0000090000
0.6 0.7
0.0000099000
0.2 0.1
0.0000099000
0.6 0.7
0.0000099900
0.3 0.6
0.0000157433
0.1 0.2
0.0000156825
0.4 0.7
0.0000090000
0.6 0.3
0.0000206167
0.3 0.6
0.0000244906
0.1 0.4
0.0000150750
0.3 0.6
0.0000253653
0.4 0.1
0.0000195857
0.6 0.3
0.0000281833
0.1 0.0
0.0000150750
0.2 0.5
0.0000090000
0.8 0.7
0.0000099000
0.2 0.5
0.0000099000
0.6 0.3
0.0000289399
0.5 0.2
0.0000156825
0.3 0.6
0.0000310710
0.0 0.0
0.0089970752
0.0 0.1
0.0000204857
0.7 0.6
0.0000285344
0.6 0.7
0.0000292598
0.6 0.7
0.0000311867
0.1 0.4
0.0000105075
0.2 0.5
0.0000205757
0.6 0.7
0.0000313794
0.2 0.1
0.0000205757
0.3 0.6
0.0000332882
0.4 0.7
0.0000291607
0.2 0.1
0.0000216433
0.0 0.0
0.0159637329
0.6 0.3
0.0000343635
0.2 0.5
0.0000216433
0.3 0.6
0.0000355242
0.3 0.6
0.0000357478
0.2 0.5
0.0000111643
0.3 0.6
0.0000357702
0.7 0.4
0.0000286835
0.0 0.1
0.0000216343
0.2 0.5
0.0000207021
0.2 0.1
0.0000217500
0.7 0.8
0.0000156825
0.7 0.4
0.0000315519
0.1 0.4
0.0000297343
0.4 0.1
0.0000310292
0.4 0.7
0.0000332136
0.6 0.3
0.0000365812
0.0 0.0
0.0213628931
0.7 0.4
0.0000345744
0.5 0.2
0.0000252495
0.3 0.6
0.0000372693
0.0 0.1
0.0000312340
0.8 0.7
0.0000333277
0.1 0.4
0.0000343926
0.1 0.2
0.0000252495
0.6 0.3
0.0000378149
0.1 0.0
0.0144304602
0.4 0.7
0.0000356590
0.7 0.8
0.0000330644
0.4 0.7
0.0000359036
0.8 0.7
0.0000356705
0.0 0.1
0.0097526843
0.6 0.3
0.0000379383
0.5 0.2
0.0000262062
0.5 0.2
0.0000263019
0.6 0.7
0.0000354756
0.0 0.1
0.0107248291
0.6 0.7
0.0000358853
0.4 0.1
0.0097526642
0.2 0.1
0.0097517352
0.2 0.1
0.0107247339
0.2 0.1
0.0108220337
0.0 0.0
0.0255472412
0.3 0.6
0.0000383353
0.1 0.4
0.0065954877
0.0 0.0
0.0287901123
0.5 0.2
0.0073165027
0.1 0.2
0.0073163977
0.7 0.4
0.0065955060
0.0 0.0
0.0313033374
0.6 0.3
0.0000386701
0.2 0.5
0.0049497095
0.6 0.3
0.0000387433
0.5 0.2
0.0080455231
0.0 0.1
0.0108220435
0.0 0.0
0.0332510864
0.2 0.1
0.0108317639
0.3 0.6
0.0000389853
0.0 0.1
0.0108317651
0.6 0.3
0.0000391894
0.5 0.2
0.0081249927
0.6 0.7
0.0044645551
0.0 0.1
0.0108327368
0.8 0.7
0.0044645337
0.6 0.7
0.0049074222
0.3 0.6
0.0033254086
0.8 0.7
0.0049074200
0.3 0.6
0.0036540509
0.5 0.2
0.0081329401
0.7 0.4
0.0072515991
0.2 0.5
0.0059937054
0.7 0.6
0.0033243634
0.5 0.2
0.0081337347
0.4 0.7
0.0049074200
0.0 0.1
0.0108328345
0.3 0.6
0.0036869150
0.1 0.0
0.0238965283
0.8 0.7
0.0053945715
0.5 0.2
0.0081338141
0.2 0.5
0.0060986951
0.5 0.2
0.0081338220
0.0 0.1
0.0172224402
0.7 0.6
0.0036539462
0.7 0.8
0.0036536420
0.1 0.4
0.0072515973
0.0 0.1
0.0178614001
0.3 0.6
0.0036902014
0.2 0.5
0.0061091992
0.1 0.4
0.0073172083
0.0 0.1
0.0179252966
0.1 0.2
0.0080520807
0.4 0.7
0.0053945715
0.4 0.7
0.0054432867
0.8 0.7
0.0054432867
0.8 0.7
0.0054481580
0.0 0.1
0.0179316858
0.1 0.4
0.0073237689
0.3 0.6
0.0036905301
0.8 0.7
0.0054486450
0.4 0.7
0.0054481580
0.5 0.2
0.0081338226
0.6 0.7
0.0053945715
0.8 0.7
0.0054486938
0.0 0.1
0.0179323254
0.2 0.1
0.0172223328
0.5 0.2
0.0124474573
0.4 0.1
0.0171144226
0.4 0.7
0.0054486450
0.8 0.7
0.0054486987
0.8 0.7
0.0054486993
0.8 0.7
0.0054486993
0.0 0.0
0.0347605908
0.6 0.7
0.0054432867
0.1 0.0
0.0023986528
0.0 0.0
0.0359304590
0.5 0.2
0.0128788208
0.7 0.8
0.0040522363
0.2 0.5
0.0093131238
0.0 0.1
0.0072373865
0.8 0.7
0.0054486993
0.5 0.2
0.0129219568
0.6 0.3
0.0025040268
0.1 0.2
0.0124392822
0.2 0.5
0.0096626331
0.4 0.1
0.0101169580
0.4 0.1
0.0094172113
0.5 0.2
0.0129262708
0.5 0.2
0.0129267017
0.0 0.1
0.0091292542
0.1 0.2
0.0128780029
0.2 0.1
0.0104238855
0.5 0.2
0.0083377930
0.6 0.3
0.0027505106
0.5 0.2
0.0078789020
0.7 0.8
0.0040920956
0.7 0.6
0.0040486133
0.5 0.2
0.0078330127
0.4 0.1
0.0009507211
0.1 0.4
0.0044192123
0.2 0.5
0.0062625470
0.5 0.2
0.0078284241
0.1 0.4
0.0041287567
0.8 0.7
0.0054486993
0.2 0.1
0.0097440405
0.7 0.4
0.0044119952
0.6 0.3
0.0027751590
0.2 0.5
0.0059194409
0.6 0.7
0.0035314255
0.8 0.7
0.0035319669
0.4 0.7
0.0035319614
0.8 0.7
0.0033402936
0.3 0.6
0.0027617651
0.7 0.8
0.0026729077
0.2 0.1
0.0096760559
0.5 0.2
0.0073231799
0.2 0.1
0.0096692578
0.7 0.6
0.0027975735
0.2 0.1
0.0096685779
0.4 0.7
0.0033402930
0.7 0.4
0.0027048972
0.1 0.2
0.0078230902
0.2 0.5
0.0055440906
0.7 0.8
0.0025309889
0.5 0.2
0.0072676080
0.8 0.7
0.0022313914
0.0 0.1
0.0062025110
0.2 0.1
0.0062564435
0.0 0.0
0.0368371045
0.2 0.5
0.0054690442
0.4 0.1
0.0053846582
0.3 0.6
0.0026688889
0.2 0.5
0.0054615399
0.4 0.7
0.0022313914
0.4 0.7
0.0021205013
0.6 0.3
0.0020880159
0.2 0.1
0.0059152301
0.4 0.1
0.0058280518
0.0 0.0
0.0375397559
0.4 0.7
0.0021094122
0.8 0.7
0.0021205013
0.5 0.2
0.0047285413
0.0 0.0
0.0380843115
0.0 0.0
0.0385063403
0.8 0.7
0.0021094122
0.1 0.4
0.0043558105
0.1 0.2
0.0047840894
0.7 0.6
0.0026724695
0.1 0.4
0.0043785159
0.3 0.6
0.0026596011
0.6 0.3
0.0020130324
0.6 0.3
0.0020055341
0.2 0.5
0.0037469193
0.7 0.8
0.0016859521
0.6 0.7
0.0021879480
0.7 0.6
0.0017531119
0.8 0.7
0.0020457468
0.5 0.2
0.0044746344
0.0 0.0
0.0388334131
0.4 0.7
0.0020457468
0.6 0.3
0.0020047842
0.3 0.6
0.0017518250
0.4 0.7
0.0020393802
0.1 0.2
0.0044801892
0.0 0.0
0.0390868945
0.3 0.6
0.0016610474
0.7 0.4
0.0042134247
0.6 0.7
0.0030718564
0.1 0.0
0.0266325195
0.8 0.7
0.0030576364
0.6 0.3
0.0013306854
0.8 0.7
0.0031588254
0.1 0.4
0.0043807864
0.1 0.0
0.0290559058
0.1 0.2
0.0044497992
0.8 0.7
0.0031689441
0.3 0.6
0.0022486078
0.3 0.6
0.0023073639
0.8 0.7
0.0031699561
0.5 0.2
0.0044492438
0.3 0.6
0.0023132394
0.2 0.1
0.0202132593
0.0 0.0
0.0392833423
0.7 0.8
0.0023173155
0.3 0.6
0.0023138271
0.3 0.6
0.0023138858
0.5 0.2
0.0140978748
0.6 0.3
0.0017039415
0.1 0.4
0.0043810135
0.6 0.7
0.0031602472
0.0 0.0
0.0394355908
0.6 0.7
0.0031690863
0.5 0.2
0.0150627380
0.6 0.7
0.0031699704
0.6 0.7
0.0031700586
0.4 0.1
0.0202045410
0.2 0.5
0.0105510400
0.5 0.2
0.0151592236
0.1 0.4
0.0140851672
0.5 0.2
0.0151688721
0.7 0.4
0.0140684070
0.2 0.1
0.0216430615
0.8 0.7
0.0098221698
0.4 0.7
0.0097091125
0.5 0.2
0.0161349536
0.7 0.4
0.0150539063
0.1 0.4
0.0150555823
0.6 0.7
0.0104873926
0.7 0.4
0.0151524561
0.0 0.1
0.0202419885
0.8 0.7
0.0112191248
0.6 0.3
0.0017412671
0.5 0.2
0.0162315625
0.1 0.0
0.0295336133
0.3 0.6
0.0073193787
0.2 0.5
0.0120204089
0.1 0.4
0.0151526233
0.7 0.8
0.0078136407
0.2 0.5
0.0121673462
0.0 0.0
0.0395535840
0.4 0.7
0.0112078186
0.3 0.6
0.0078199280
0.2 0.5
0.0121820398
0.8 0.7
0.0113588208
0.6 0.3
0.0054615784
0.3 0.6
0.0078699829
0.3 0.6
0.0078749884
0.7 0.6
0.0072633014
0.2 0.5
0.0121835083
0.6 0.3
0.0058707751
0.4 0.1
0.0219646436
0.4 0.1
0.0221406543
0.6 0.3
0.0059116949
0.1 0.4
0.0164692041
0.1 0.4
0.0166008618
0.0 0.0
0.0396450269
0.7 0.4
0.0164691870
0.3 0.6
0.0078754889
0.3 0.6
0.0078755389
0.5 0.2
0.0162412231
0.7 0.4
0.0166008606
0.8 0.7
0.0123504626
0.6 0.3
0.0059161584
0.3 0.6
0.0078755438
0.8 0.7
0.0124496277
0.6 0.7
0.0122633203
0.6 0.7
0.0124409131
0.0 0.1
0.0219683887
0.3 0.6
0.0091941705
0.1 0.4
0.0166140283
0.8 0.7
0.0124595435
0.3 0.6
0.0093260333
0.6 0.7
0.0124586719
0.5 0.2
0.0162421887
0.1 0.2
0.0004539799
0.2 0.5
0.0121908276
0.6 0.3
0.0068956885
0.4 0.7
0.0123353625
0.8 0.7
0.0124605347
0.7 0.4
0.0166140283
0.7 0.8
0.0092012250
0.1 0.0
0.0297227539
0.5 0.2
0.0162422852
0.2 0.5
0.0121916248
0.3 0.6
0.0093512067
0.3 0.6
0.0093537244
0.3 0.6
0.0093539758
0.5 0.2
0.0162422949
0.6 0.7
0.0124693359
0.8 0.7
0.0124695227
0.3 0.6
0.0093611993
0.7 0.4
0.0166153442
0.1 0.0
0.0297416675
0.5 0.2
0.0162422961
0.7 0.4
0.0166154761
0.0 0.0
0.0397158960
0.7 0.8
0.0093460504
0.7 0.8
0.0093605328
0.7 0.4
0.0166154895
0.0 0.0
0.0397708203
0.8 0.7
0.0124714075
0.6 0.7
0.0124713892
0.2 0.1
0.0222489307
0.3 0.6
0.0093633075
0.8 0.7
0.0124715967
0.2 0.1
0.0223095190
0.7 0.4
0.0166154907
0.5 0.2
0.0166921545
0.6 0.3
0.0070188013
0.6 0.3
0.0070311127
0.1 0.2
0.0151133228
0.0 0.0
0.0398133862
0.1 0.4
0.0166153442
0.8 0.7
0.0124716162
0.0 0.0
0.0398463745
0.2 0.5
0.0124953662
0.0 0.1
0.0222814648
0.6 0.3
0.0007121113
0.2 0.1
0.0223155786
0.7 0.8
0.0093633942
0.8 0.7
0.0124716174
0.7 0.8
0.0093636810
0.6 0.7
0.0124715955
0.5 0.2
0.0167412305
0.5 0.2
0.0167461389
0.7 0.6
0.0091536572
0.7 0.6
0.0093426929
0.3 0.6
0.0093636578
0.3 0.6
0.0093636926
0.1 0.4
0.0166154761
0.0 0.0
0.0398719409
0.6 0.3
0.0064007037
0.0 0.1
0.0223127710
0.8 0.7
0.0124716174
0.1 0.2
0.0165833484
0.3 0.6
0.0093636963
0.8 0.7
0.0124716174
0.7 0.4
0.0166154907
0.2 0.1
0.0223161841
0.1 0.4
0.0166154895
0.7 0.4
0.0166154907
0.5 0.2
0.0167470386
0.4 0.1
0.0222986914
0.1 0.4
0.0167221655
0.8 0.7
0.0124716174
0.7 0.6
0.0093615961
0.2 0.1
0.0223162451
0.4 0.7
0.0124579919
0.5 0.2
0.0167471692
0.1 0.4
0.0167328333
0.5 0.2
0.0167471826
0.4 0.1
0.0223144946
0.7 0.4
0.0167328333
0.0 0.0
0.0398917554
0.6 0.7
0.0125508215
0.5 0.2
0.0167471838
0.8 0.7
0.0125508240
0.3 0.6
0.0009453696
0.0 0.1
0.0223159033
0.1 0.2
0.0167308008
0.4 0.7
0.0125494617
0.6 0.7
0.0125587451
0.4 0.7
0.0125586084
0.2 0.5
0.0125628857
0.0 0.0
0.0399071094
0.5 0.2
0.0167471838
0.2 0.5
0.0125696375
0.5 0.2
0.0167471838
0.7 0.8
0.0094171741
0.8 0.7
0.0125587451
0.5 0.2
0.0016837184
0.2 0.5
0.0024024741
0.4 0.1
0.0223160742
0.7 0.8
0.0094278705
0.7 0.8
0.0094289398
0.1 0.2
0.0167455457
0.1 0.2
0.0167470203
0.4 0.7
0.0125595227
0.2 0.5
0.0013857574
0.8 0.7
0.0125595374
0.4 0.7
0.0125596143
0.8 0.7
0.0125596167
0.5 0.2
0.0152408374
0.6 0.3
0.0012871948
0.8 0.7
0.0125596240
0.6 0.7
0.0125595374
0.3 0.6
0.0085812250
0.4 0.1
0.0223162329
0.3 0.6
0.0093448102
0.3 0.6
0.0009434810
0.3 0.6
0.0085810358
0.1 0.4
0.0167457410
0.4 0.7
0.0125596240
0.1 0.0
0.0299204663
0.7 0.6
0.0094228473
0.5 0.2
0.0165965491
0.6 0.7
0.0125596167
0.8 0.7
0.0125596252
0.3 0.6
0.0093448450
0.4 0.7
0.0125596252
0.8 0.7
0.0125596252
0.3 0.6
0.0094212256
0.1 0.4
0.0167470312
0.3 0.6
0.0094288635
0.0 0.1
0.0224369043
0.8 0.7
0.0125596252
0.8 0.7
0.0125596252
0.0 0.0
0.0399190088
0.6 0.7
0.0125596240
0.3 0.6
0.0094296326
0.4 0.7
0.0125596252
0.3 0.6
0.0094297095
0.5 0.2
0.0167321204
0.3 0.6
0.0094297174
0.3 0.6
0.0094297180
0.3 0.6
0.0094297180
0.4 0.7
0.0125596252
0.7 0.6
0.0094290308
0.0 0.0
0.0399282324
0.1 0.0
0.0299526025
0.0 0.0
0.0399353809
0.8 0.7
0.0125596252
0.8 0.7
0.0125596252
0.5 0.2
0.0167456775
0.5 0.2
0.0167470337
0.7 0.4
0.0167457410
0.7 0.8
0.0094296411
0.0 0.1
0.0224706982
0.1 0.2
0.0167471680
0.6 0.3
0.0065027795
0.0 0.1
0.0224740771
0.5 0.2
0.0167471692
0.0 0.0
0.0399409204
0.2 0.5
0.0114519141
0.3 0.6
0.0094297180
0.5 0.2
0.0167471826
0.4 0.1
0.0224586304
0.7 0.6
0.0094296490
0.3 0.6
0.0094297180
0.6 0.3
0.0070243378
0.3 0.6
0.0094297180
0.0 0.0
0.0399452124
0.5 0.2
0.0167471838
0.1 0.0
0.0299672778
0.0 0.1
0.0224843213
0.8 0.7
0.0125683374
0.8 0.7
0.0125692090
0.4 0.1
0.0224827759
0.0 0.0
0.0399485400
0.6 0.3
0.0070764935
0.6 0.7
0.0125683374
0.5 0.2
0.0167471838
0.4 0.1
0.0224851904
0.2 0.5
0.0124585400
0.2 0.5
0.0125592029
0.7 0.8
0.0094361804
0.6 0.3
0.0070817090
0.6 0.3
0.0070822308
0.6 0.7
0.0125692090
0.5 0.2
0.0167471838
0.2 0.5
0.0125692688
0.3 0.6
0.0094361877
0.3 0.6
0.0094368347
0.0 0.0
0.0399511182
0.7 0.4
0.0168610779
0.6 0.7
0.0126471484
0.8 0.7
0.0126471484
0.1 0.0
0.0299727319
0.6 0.7
0.0126549426
0.8 0.7
0.0126549426
0.6 0.7
0.0126557214
0.6 0.3
0.0070870868
0.1 0.4
0.0168612061
0.1 0.0
0.0299732788
0.7 0.8
0.0094947046
0.2 0.5
0.0125702759
0.2 0.5
0.0125703772
0.4 0.7
0.0126461902
0.5 0.2
0.0016837184
0.6 0.7
0.0126557996
0.3 0.6
0.0094953479
0.8 0.7
0.0126557214
0.7 0.4
0.0168726111
0.8 0.7
0.0126635852
0.6 0.3
0.0071270685
0.6 0.7
0.0126635925
0.8 0.7
0.0126643713
0.2 0.5
0.0024025481
0.5 0.2
0.0152408374
0.8 0.7
0.0126644495
0.1 0.0
0.0299733325
0.3 0.6
0.0095064600
0.4 0.1
0.0224895190
0.1 0.2
0.0167471826
0.2 0.5
0.0105368201
0.1 0.0
0.0299733374
0.8 0.7
0.0126644580
0.2 0.5
0.0113502478
0.0 0.1
0.0224894360
0.4 0.1
0.0224899536
0.5 0.2
0.0165965491
0.7 0.8
0.0095069794
0.8 0.7
0.0126644580
0.1 0.0
0.0299733374
0.8 0.7
0.0126644580
0.1 0.2
0.0167471838
0.7 0.4
0.0168769800
0.3 0.6
0.0095075708
0.7 0.4
0.0168774170
0.3 0.6
0.0095076819
0.8 0.7
0.0126677026
0.4 0.7
0.0126658752
0.6 0.3
0.0071393921
0.7 0.8
0.0095103973
0.0 0.0
0.0399531177
0.7 0.4
0.0168774609
0.7 0.6
0.0094998901
0.7 0.8
0.0095107391
0.7 0.6
0.0095069141
0.4 0.7
0.0126678735
0.4 0.1
0.0224899976
0.7 0.4
0.0168774939
0.8 0.7
0.0126680786
0.7 0.4
0.0168774976
0.5 0.2
0.0167321204
0.4 0.1
0.0224900024
0.3 0.6
0.0095076929
0.0 0.0
0.0399546655
0.4 0.7
0.0126680981
0.7 0.6
0.0095076166
0.6 0.7
0.0126676697
0.2 0.1
0.0224726270
0.2 0.5
0.0124382056
0.3 0.6
0.0095104462
0.7 0.4
0.0168775012
0.1 0.4
0.0168758728
0.6 0.3
0.0071424902
0.2 0.1
0.0224882666
0.8 0.7
0.0126681213
0.4 0.1
0.0224900024
0.2 0.1
0.0224898291
0.0 0.0
0.0399558667
0.3 0.6
0.0095107214
0.4 0.7
0.0126681226
0.1 0.2
0.0168643530
0.5 0.2
0.0168628467
0.7 0.4
0.0168775012
0.7 0.6
0.0095104388
0.0 0.1
0.0224899463
0.2 0.5
0.0126352417
0.7 0.4
0.0168775012
0.7 0.4
0.0168775012
0.2 0.5
0.0126549463
0.0 0.1
0.0224899976
0.4 0.7
0.0126681250
0.3 0.6
0.0095107489
0.0 0.0
0.0399567969
0.7 0.4
0.0168775012
0.2 0.1
0.0224899854
0.7 0.8
0.0095110559
0.4 0.1
0.0224900024
0.7 0.4
0.0168775012
0.8 0.7
0.0126681250
0.2 0.1
0.0224900024
0.6 0.3
0.0071430048
0.2 0.5
0.0126569165
0.6 0.7
0.0126680798
0.5 0.2
0.0168760364
0.0 0.1
0.0224900024
0.8 0.7
0.0126681262
0.6 0.7
0.0126681213
0.4 0.7
0.0126681262
0.0 0.1
0.0224900024
0.6 0.7
0.0126681250
0.6 0.3
0.0071430560
0.3 0.6
0.0095110596
0.7 0.8
0.0095110907
0.8 0.7
0.0126681262
0.1 0.4
0.0168773389
0.2 0.5
0.0126660156
0.6 0.7
0.0126681262
0.7 0.6
0.0095110291
0.3 0.6
0.0095110913
0.3 0.6
0.0095110944
0.8 0.7
0.0126681262
0.4 0.1
0.0224900024
0.1 0.0
0.0299771729
0.2 0.1
0.0224925928
0.8 0.7
0.0126681262
0.6 0.3
0.0071432941
0.0 0.0
0.0399575171
0.3 0.6
0.0095110944
0.3 0.6
0.0095110944
0.1 0.4
0.0168774854
0.7 0.8
0.0095110944
0.6 0.7
0.0126681262
0.4 0.1
0.0224925928
0.5 0.2
0.0168791040
0.2 0.1
0.0224928516
0.0 0.0
0.0399580762
0.4 0.1
0.0224928516
0.7 0.6
0.0095110883
0.6 0.3
0.0071433179
0.5 0.2
0.0168795850
0.3 0.6
0.0095110944
0.6 0.3
0.0071433203
0.5 0.2
0.0168796338
0.7 0.6
0.0095110937
0.3 0.6
0.0095110944
0.8 0.7
0.0126681262
0.5 0.2
0.0168796387
0.6 0.7
0.0126681262
0.2 0.1
0.0224928760
0.6 0.3
0.0071433209
0.3 0.6
0.0095110944
0.6 0.3
0.0071433209
0.5 0.2
0.0168796558
0.6 0.7
0.0126681262
0.2 0.5
0.0126693689
0.1 0.4
0.0168794238
0.8 0.7
0.0126681262
0.3 0.6
0.0095110944
0.0 0.0
0.0399585083
0.8 0.7
0.0126681262
0.4 0.1
0.0224928760
0.7 0.8
0.0095110944
0.0 0.1
0.0224925928
0.5 0.2
0.0168796570
0.7 0.4
0.0168794409
0.8 0.7
0.0126694348
0.5 0.2
0.0168796570
0.4 0.7
0.0126694348
0.5 0.2
0.0168796570
0.6 0.7
0.0126694348
0.0 0.1
0.0224928516
0.3 0.6
0.0095119781
0.1 0.0
0.0299787109
0.0 0.1
0.0224939160
0.7 0.8
0.0095119781
0.6 0.7
0.0126695667
0.2 0.5
0.0126697058
0.8 0.7
0.0126695667
0.5 0.2
0.0168796570
0.0 0.1
0.0224940210
0.6 0.3
0.0071439172
0.8 0.7
0.0126695789
0.1 0.0
0.0299788647
0.2 0.1
0.0224940210
0.4 0.1
0.0224940210
0.1 0.2
0.0168788989
0.0 0.0
0.0399588428
0.0 0.0
0.0399591040
0.2 0.1
0.0224941357
0.6 0.3
0.0071439771
0.0 0.0
0.0399593066
0.4 0.1
0.0224941357
0.0 0.0
0.0399594629
0.3 0.6
0.0095121552
0.7 0.8
0.0095121637
0.5 0.2
0.0168805078
0.8 0.7
0.0126695801
0.7 0.4
0.0168804858
0.1 0.4
0.0168804834
0.4 0.7
0.0126702710
0.6 0.7
0.0126702844
0.5 0.2
0.0168805920
0.2 0.1
0.0224941479
0.6 0.3
0.0071441022
0.0 0.0
0.0399595850
0.7 0.6
0.0095125513
0.7 0.4
0.0168805908
0.7 0.8
0.0095121826
0.7 0.6
0.0095126971
0.1 0.0
0.0299796069
0.8 0.7
0.0126703564
0.3 0.6
0.0095126575
0.4 0.1
0.0224946484
0.2 0.5
0.0126703699
0.4 0.1
0.0224946997
0.0 0.0
0.0399596777
0.5 0.2
0.0168806091
0.8 0.7
0.0126704346
0.8 0.7
0.0126704419
0.5 0.2
0.0168806104
0.5 0.2
0.0168806104
0.6 0.7
0.0126704272
0.5 0.2
0.0168806104
0.0 0.1
0.0224946362
0.0 0.1
0.0224946973
0.2 0.5
0.0126704492
0.4 0.1
0.0224947046
0.1 0.0
0.0299797437
0.1 0.0
0.0299797559
0.1 0.2
0.0168804395
0.8 0.7
0.0126704431
0.6 0.7
0.0126704419
0.3 0.6
0.0095128137
0.6 0.7
0.0126704431
0.6 0.3
0.0071445593
0.8 0.7
0.0126704431
0.0 0.1
0.0224948047
0.0 0.0
0.0399597510
0.4 0.1
0.0224948047
0.7 0.4
0.0168810522
0.4 0.1
0.0224948145
0.3 0.6
0.0095128302
0.2 0.5
0.0126704565
0.0 0.1
0.0224948145
0.5 0.2
0.0168806104
0.0 0.1
0.0224948169
0.5 0.2
0.0168806104
0.5 0.2
0.0168806104
0.0 0.0
0.0399598071
0.5 0.2
0.0168806104
0.2 0.1
0.0224947510
0.0 0.0
0.0399598511
0.2 0.5
0.0126704578
0.3 0.6
0.0095128320
0.3 0.6
0.0095128320
0.0 0.0
0.0399598853
0.5 0.2
0.0168810181
0.0 0.1
0.0224948169
0.6 0.7
0.0126707544
0.6 0.7
0.0126707861
0.4 0.7
0.0126707373
0.3 0.6
0.0095130640
0.7 0.8
0.0095127673
0.0 0.0
0.0399599121
0.7 0.4
0.0168811047
0.3 0.6
0.0095130872
0.8 0.7
0.0126707898
0.0 0.1
0.0224948169
0.0 0.0
0.0399599316
0.5 0.2
0.0168810583
0.8 0.7
0.0126708252
0.8 0.7
0.0126708276
0.1 0.4
0.0168810486
0.8 0.7
0.0126708289
0.8 0.7
0.0126708289
0.4 0.1
0.0224948169
0.8 0.7
0.0126708289
0.1 0.0
0.0299799292
0.0 0.0
0.0399599463
0.1 0.0
0.0299799561
0.4 0.1
0.0224949512
0.4 0.1
0.0224949658
0.5 0.2
0.0168810632
0.5 0.2
0.0168810632
0.0 0.0
0.0399599585
0.7 0.4
0.0168812122
0.3 0.6
0.0095130896
0.3 0.6
0.0095130896
0.2 0.1
0.0224949463
0.5 0.2
0.0168811951
0.0 0.0
0.0399599683
0.7 0.8
0.0095130859
0.5 0.2
0.0168812085
0.4 0.7
0.0126708923
0.2 0.5
0.0126708618
0.7 0.4
0.0168812231
0.7 0.6
0.0095130505
0.1 0.4
0.0168812073
0.3 0.6
0.0095130896
0.8 0.7
0.0126709082
0.8 0.7
0.0126709167
0.5 0.2
0.0168812097
0.0 0.0
0.0281709985
0.1 0.0
0.0220224194
0.2 0.5
0.0126709033
0.0 0.0
0.0308235229
0.7 0.8
0.0095131775
0.7 0.8
0.0095131866
0.1 0.2
0.0168811328
0.8 0.7
0.0126709167
0.7 0.8
0.0095131873
0.1 0.4
0.0168812231
0.2 0.1
0.0171236279
0.2 0.1
0.0165864954
0.4 0.1
0.0171236292
0.8 0.7
0.0126709167
0.4 0.7
0.0126709143
0.4 0.1
0.0165864966
0.6 0.3
0.0071447913
0.5 0.2
0.0128930054
0.8 0.7
0.0126709167
0.8 0.7
0.0126709167
0.4 0.7
0.0126709167
0.5 0.2
0.0124941846
0.2 0.5
0.0097096649
0.7 0.8
0.0095131873
0.8 0.7
0.0126709167
0.3 0.6
0.0095130896
0.4 0.1
0.0165327832
0.6 0.3
0.0071448145
0.2 0.5
0.0094135413
0.7 0.4
0.0128567505
0.4 0.7
0.0099543982
0.7 0.6
0.0095130859
0.7 0.6
0.0095130890
0.6 0.3
0.0071448169
0.2 0.5
0.0093839288
0.2 0.1
0.0165327832
0.5 0.2
0.0124180469
0.1 0.2
0.0128567419
0.5 0.2
0.0124104333
0.7 0.4
0.0124543042
0.7 0.8
0.0095131873
0.0 0.0
0.0328792310
0.1 0.4
0.0128567505
0.8 0.7
0.0096827472
0.0 0.1
0.0171236145
0.1 0.4
0.0124543042
0.0 0.0
0.0344724048
0.7 0.6
0.0095130896
0.7 0.6
0.0095130896
0.5 0.2
0.0124096716
0.7 0.8
0.0074961731
0.2 0.5
0.0093239215
0.0 0.0
0.0357071143
0.4 0.1
0.0165274109
0.1 0.2
0.0124543030
0.2 0.5
0.0093179205
0.6 0.3
0.0071448169
0.7 0.8
0.0072944714
0.4 0.7
0.0094110950
0.7 0.4
0.0124104333
0.1 0.4
0.0124104333
0.1 0.4
0.0124060461
0.4 0.7
0.0093271521
0.4 0.7
0.0093187579
0.6 0.3
0.0071448169
0.5 0.2
0.0124095959
0.0 0.1
0.0165864941
0.0 0.0
0.0366640137
0.0 0.0
0.0374056104
0.8 0.7
0.0093543170
0.1 0.4
0.0124056067
0.3 0.6
0.0095130896
0.7 0.8
0.0070526111
0.1 0.2
0.0124140588
0.2 0.5
0.0093172693
0.3 0.6
0.0095130896
0.0 0.1
0.0165327820
0.6 0.3
0.0071448169
0.7 0.6
0.0095130896
0.2 0.5
0.0093172040
0.3 0.6
0.0095130896
0.1 0.4
0.0124055627
0.4 0.7
0.0093179181
0.1 0.2
0.0124100342
0.7 0.4
0.0124060461
0.3 0.6
0.0095130896
0.0 0.0
0.0379803491
0.1 0.4
0.0124055591
0.5 0.2
0.0124095886
0.7 0.8
0.0070284253
0.3 0.6
0.0095130896
0.3 0.6
0.0095130896
0.8 0.7
0.0093185126
0.2 0.1
0.0165274109
0.8 0.7
0.0093149323
0.0 0.1
0.0165274109
0.5 0.2
0.0124059607
0.3 0.6
0.0095130896
0.3 0.6
0.0095130896
0.4 0.7
0.0093148730
0.3 0.6
0.0095130896
0.2 0.1
0.0165268738
0.4 0.1
0.0165268738
0.4 0.7
0.0093145685
0.3 0.6
0.0095130896
0.4 0.7
0.0093145380
0.8 0.7
0.0093145746
0.5 0.2
0.0124052356
0.2 0.1
0.0016616873
0.1 0.0
0.0278479785
0.4 0.1
0.0204590723
0.5 0.2
0.0075386359
0.0 0.1
0.0204591260
0.2 0.1
0.0189725549
0.3 0.6
0.0095130896
0.8 0.7
0.0093145386
0.5 0.2
0.0135693384
0.1 0.4
0.0150594299
0.2 0.1
0.0207036401
0.4 0.7
0.0093145349
0.4 0.1
0.0208522925
0.6 0.3
0.0071448169
0.6 0.3
0.0071448169
0.3 0.6
0.0095130896
0.0 0.1
0.0208522974
0.3 0.6
0.0095130896
0.2 0.5
0.0101000238
0.1 0.4
0.0155902405
0.7 0.8
0.0069991559
0.6 0.3
0.0071448169
0.2 0.5
0.0101783057
0.2 0.5
0.0101861340
0.1 0.0
0.0284305347
0.6 0.3
0.0071448169
0.2 0.5
0.0101869165
0.7 0.6
0.0095130896
0.2 0.1
0.0212699756
0.5 0.2
0.0157231677
0.5 0.2
0.0159385498
0.4 0.1
0.0212848413
0.5 0.2
0.0159600879
0.0 0.0
0.0384257715
0.3 0.6
0.0095130896
0.6 0.3
0.0071448169
0.7 0.8
0.0069962292
0.3 0.6
0.0095130896
0.7 0.4
0.0156168726
0.7 0.6
0.0009603090
0.7 0.6
0.0086578119
0.2 0.5
0.0118007507
0.5 0.2
0.0159622424
0.5 0.2
0.0159624573
0.0 0.0
0.0387709717
0.4 0.7
0.0114818420
0.2 0.5
0.0119637341
0.4 0.7
0.0116985730
0.2 0.5
0.0119800317
0.7 0.4
0.0159379553
0.8 0.7
0.0116985742
0.6 0.3
0.0071448169
0.3 0.6
0.0095130896
0.8 0.7
0.0119369775
0.0 0.1
0.0212848413
0.8 0.7
0.0119608179
0.3 0.6
0.0095130896
0.3 0.6
0.0095130896
0.8 0.7
0.0119632019
0.6 0.7
0.0120341980
0.8 0.7
0.0119634399
0.1 0.4
0.0159352917
0.3 0.6
0.0090833923
0.1 0.0
0.0290224585
0.7 0.6
0.0089978650
0.1 0.2
0.0156072363
0.5 0.2
0.0159624792
0.7 0.8
0.0087839447
0.4 0.1
0.0217276440
0.0 0.1
0.0217276440
